1.0
1.0
1.0
1.0
1.0
1.0
1.0
0.657085674451102
1.4999999999999996
1.0
1.0
1.0
1.0
1.0
1.0
1.0
0.7404190077844354
1.4999999999999996
1.0
1.0
1.0
1.0
1.0
1.0
1.0
0.8237523411177686
1.4999999999999996
1.0
1.0
1.0
1.0
1.0
1.0
1.0
0.907085674451102
1.4999999999999996
1.0
1.0
1.0
1.0
1.0
1.0
1.0
0.9904190077844354
1.4999999999999996
0.45475093888367474
1.0
1.0
1.0
1.0
1.0
1.0
0.07375234111776767
1.4999999999999996
1.0
0.45475093888367474
1.0
1.0
1.0
1.0
1.0
0.15708567445110116
1.4999999999999996
1.0
1.0
0.45475093888367474
1.0
1.0
1.0
1.0
0.24041900778443434
1.4999999999999996
1.0
1.0
1.0
0.45475093888367474
1.0
1.0
1.0
0.3237523411177684
1.5
1.0
1.0
1.0
1.0
0.45475093888367474
1.0
1.0
0.40708567445108945
1.5
1.0
1.0
1.0
1.0
1.0
0.45475093888367685
1.0
0.49041900778442427
1.4999999999999996
1.0
1.0
1.0
1.0
1.0
1.0
0.45475093888367685
0.5737523411177575
1.4999999999999996