0.308547
0.324642
0.614507
0.359728
0.603776
0.609774
1.000000
0.083333
0.949062
0.324642
0.614507
0.359728
0.603776
0.609774
1.000000
0.818185
1.000000
0.949062
0.614507
0.359728
0.603776
0.609774
1.000000
0.818185
0.370859
0.916667
0.949062
0.359728
0.603776
0.609774
1.000000
0.818185
0.370859
0.444558
0.833333
0.949062
0.603776
0.609774
1.000000
0.818185
0.370859
0.444558
0.531590
0.750000
0.949062
0.609774
1.000000
0.818185
0.370859
0.444558
0.531590
0.447782
0.666667
0.949062
1.000000
0.818185
0.370859
0.444558
0.531590
0.447782
0.308547
0.583333
0.949062
0.818185
0.370859
0.444558
0.531590
0.447782
0.308547
0.324642
0.500000
0.949062
0.370859
0.444558
0.531590
0.447782
0.308547
0.324642
0.614507
0.416667
0.949062
0.444558
0.531590
0.447782
0.308547
0.324642
0.614507
0.359728
0.333333
0.949062
0.531590
0.447782
0.308547
0.324642
0.614507
0.359728
0.603776
0.250000
0.949062
0.447782
0.308547
0.324642
0.614507
0.359728
0.603776
0.609774
0.166667
0.949062